4294967294,0
4294967278,232
4294967278,228
4294967279,225
4294967278,63
4294967278,218
4294967278,216
4294967278,521
4294967278,212
4294967279,393
4294967278,210
4294967279,328
9,2
4294967278,207
4294967278,515
4294967279,325
4294967279,324
4294967278,513
4294967278,319
4294967279,321
11,2
4294967278,201
4294967278,317
4294967279,319
11,8
11,7
4294967278,82
4294967279,318
4294967278,198
11,6
11,4
4294967279,317
4294967278,314
4294967279,316
4294967278,313
9,7
4294967278,310
4294967279,312
4294967278,309
4294967279,307
4294967278,306
22,2
4294967294,12
4294967278,549
13,0
4294967278,327
4294967278,564
4294967278,561
18,2
4294967279,392
38,4
4294967294,1099
4294967278,150
4294967278,149
4294967279,149
4294967278,144
4294967294,46
4294967294,471
4294967279,140
4294967278,139
4294967294,425
4294967294,43
47,4
48,4
43,4
42,4
40,4
20,4
4294967294,1430
4294967294,25
4294967294,93
4294967294,95
4294967294,1419
4294967294,1424
4294967294,50
4294967294,104
4294967294,106
4294967294,166
4294967294,24
4294967294,189
4294967294,191
4294967294,1415
4294967294,92
4294967294,88
4294967294,67
4294967294,82
4294967294,81
4294967278,92
11,88
4294967278,555
4294967278,91
4294967278,89
4294967294,1432
19,2
4294967278,312
4294967278,280
4294967279,339
4294967294,1436
4294967279,253
4294967279,391
0,5
4294967294,7
4294967278,252
23,2
4294967279,376
4294967294,1422
4294967279,390
8,5
4294967278,247
4294967294,6
4294967279,244
4294967278,243
4294967279,243
4294967279,334
4294967278,79
4294967278,523
4294967278,235
4294967279,234
4294967279,228
4294967278,227
4294967294,68
4294967294,11
4294967279,227
9,9
9,8
4294967294,26
36,4
4294967279,221
4294967294,475
4294967279,219
4294967279,375
4294967279,330
4294967279,211
23,6
23,5
21,7
4294967279,206
4294967279,204
4294967279,202
4294967294,1416
4294967279,310
4294967279,309
13,10
13,1
13,9
22,5
4294967278,299
4294967279,299
4294967279,294
4294967279,360
4294967278,551
46,4
4294967278,80
4294967278,260
4294967278,174
4294967279,164
4294967279,162
4294967278,160
4294967278,159
4294967279,160
4294967279,159
4294967278,152
4294967279,152
4294967278,151
4294967278,559
4294967294,477
4294967294,1423
4294967294,476
4294967279,362
4294967278,556
11,5
43,6
4294967278,278
11,39
11,87
4294967278,567
11,86
11,85
4294967278,565
11,25
4294967279,341
4294967279,378
45,5
45,4
32,4
19,6
19,5
4294967294,1435
4294967279,377
11,84
11,83
44,4
27,6
27,5
4294967279,250
4294967278,249
4294967279,248
4294967294,474
4294967279,247
4294967279,246
4294967279,245
4294967278,239
4294967279,239
11,82
11,81
11,80
4294967279,232
4294967279,230
4294967279,229
2,6
28,4
4294967279,222
41,4
40,5
34,4
34,8
34,7
4294967279,216
4294967278,215
4294967279,215
4294967279,332
11,79
4294967279,213
11,78
11,77
4294967279,329
4294967279,209
26,4
4294967278,516
4294967279,326
39,5
39,4
35,4
4294967294,30
4294967294,1171
4294967294,1170
4294967294,1168
4294967294,1167
4294967294,1162
4294967294,1023
4294967294,995
4294967294,993
4294967294,992
4294967294,991
4294967294,990
4294967294,60
25,4
27,4
29,4
30,4
22,4
23,4
31,4
21,4
19,4
4294967294,1431
15,4
4294967294,18
4294967294,127
4294967294,14
4294967294,126
4294967294,20
4294967294,13
4294967279,200
4294967279,198
4294967294,1426
4294967279,195
4294967294,1427
4294967294,1429
4294967279,191
4294967279,188
4294967279,185
4294967294,10
4294967294,1101
4294967294,1096
4294967294,1094
4294967294,1093
4294967294,1092
4294967294,1091
4294967294,1090
4294967294,1089
4294967294,1088
4294967294,1018
4294967294,1017
4294967294,1016
4294967294,1015
4294967294,1014
4294967294,1013
4294967294,1011
4294967294,1010
4294967294,1009
4294967294,1008
4294967294,1007
4294967294,1005
4294967294,1003
4294967294,1001
4294967294,1000
4294967294,999
4294967294,529
4294967294,419
4294967294,391
4294967294,188
4294967294,182
4294967294,179
4294967294,173
4294967294,170
4294967294,163
4294967294,162
4294967294,161
4294967278,293
4294967279,293
4294967279,374
4294967278,552
24,4
9,5
4294967279,361
4294967278,292
4294967279,260
4294967279,358
4294967278,163
4294967279,373
4294967278,326
4294967279,372
4294967278,563
4294967279,371
4294967278,158
4294967278,157
4294967278,156
13,2
4294967279,370
17,2
4294967278,560
14,2
4294967279,369
4294967278,148
11,17
11,16
11,13
18,4
18,5
4294967279,368
4294967279,147
4294967278,145
4294967279,366
4294967278,557
16,2
4294967279,365
4294967279,364
17,6
17,5
17,4
12,2
14,11
14,10
14,9
14,7
4294967279,363
16,4
4294967294,473
16,5
14,8
4294967278,134
3,2
4294967279,270
4294967278,268
4294967279,284
4294967279,263
4294967278,262
4294967279,282
4294967279,259
4294967278,259
4294967279,258
4294967278,283
4294967279,276
4294967278,257
4294967279,342
4294967279,254
4294967279,338
4294967279,337
4294967279,252
4294967279,336
4294967279,251
4,6
14,4
14,6
14,5
4294967293,131
4294967293,130
4294967293,129
4294967293,128
4294967293,127
4294967293,126
4294967293,125
4294967293,124
4294967293,123
4294967293,122
4294967293,121
4294967293,120
4294967293,119
4294967293,118
4294967293,117
4294967293,116
4294967293,115
4294967293,114
4294967293,113
4294967293,112
4294967293,111
4294967293,110
4294967293,109
4294967293,108
4294967293,107
4294967293,106
